% file: tomodata.m
%
% ee263, autumn 2007, problem 6.9
%
% image reconstruction from line measurements (tomography via least-squares)
%
% data generated by tmeasure.m
%
% returns: n_pixels, N, y, lines_d, lines_theta

n_pixels = 30;

N = 1225;

y = [
     1.308256141194380e+00
    -6.024136726846079e-01
     1.649691871966391e-01
    -3.647466035716365e-01
     8.164895885298691e+02
     3.541394054766618e+03
     6.801987431087812e+03
     7.104704736017815e+03
     7.099284946517137e+03
     7.062077397074949e+03
     5.744641244865698e+03
     4.472571757508679e+03
     5.243792244953569e+03
     6.042302019650677e+03
     6.041467021666298e+03
     5.828626835228584e+03
     4.724611077242316e+03
     3.346232465481586e+03
     4.872835182467437e+03
     6.540200508439324e+03
     6.610969943253132e+03
     6.047927982032832e+03
     5.194558187469025e+03
     7.021771150635174e+03
     7.069592644510604e+03
     6.957596555199793e+03
     7.127047973130436e+03
     7.132531845143423e+03
     6.979159737354021e+03
     3.569179407433525e+03
     6.744229247610222e+02
    -2.444858995539953e-02
     2.850436535433905e-01
     1.144158789310458e+00
     1.380630795079316e+00
     1.122899589258447e+00
     6.976385778377525e-01
     1.000296361398480e+00
     7.360407129408781e+02
     7.536914709979416e+02
     2.850826357200100e+03
     5.416788097734599e+03
     7.185816707061167e+03
     7.149361690340897e+03
     6.976649463220922e+03
     5.651574909092195e+03
     4.830655911421714e+03
     5.957233385960591e+03
     6.085271806019476e+03
     6.034089446225165e+03
     5.438833099546685e+03
     4.801464443882119e+03
     5.904857039771447e+03
     4.823383021070415e+03
     5.894136741855635e+03
     6.531458973169718e+03
     5.852014529622700e+03
     5.257393723004983e+03
     6.978338859727701e+03
     6.918271921052998e+03
     7.110328464255843e+03
     7.160733233950929e+03
     7.250619635560015e+03
     5.637799740602616e+03
     3.713810796957004e+03
     1.182810242121573e+03
     3.951422573121205e+02
    -2.067990650129915e-01
    -3.942299475857184e-01
     7.261130132216588e-01
     1.531566238151135e+00
    -3.060518933518181e-01
     4.474896219155049e+02
     5.277285036675339e+02
     9.640569397501454e+02
     2.942279575859111e+03
     4.574604021409624e+03
     5.840807524546554e+03
     7.030243558359469e+03
     7.421778871656216e+03
     5.649503558019410e+03
     5.358772499382383e+03
     6.276890006054065e+03
     6.252272340307482e+03
     6.043584688609449e+03
     5.229013194656891e+03
     6.094273872379529e+03
     6.112960894541688e+03
     5.860727522250399e+03
     5.897081616333689e+03
     6.276063717370451e+03
     5.750562035771525e+03
     5.573647254936942e+03
     7.003990060073653e+03
     7.008323320698778e+03
     7.095298465692059e+03
     6.860291406279210e+03
     5.845533515271437e+03
     4.659079065563606e+03
     3.514307764713809e+03
     1.814421134867891e+03
     1.422777986222619e+02
     3.032212455969719e+02
     2.151649255558510e-02
     7.486896920826510e-01
    -9.625238357482449e-02
     8.765126336900792e+01
     7.681108164444777e+02
     2.226777172658871e+02
     1.288468023182511e+03
     2.922750227807503e+03
     4.170801478602772e+03
     5.206862468000895e+03
     6.122790500115700e+03
     6.618977262400937e+03
     5.947360489887788e+03
     5.835422668893001e+03
     6.286719351576254e+03
     6.312542635270213e+03
     5.984042893849939e+03
     6.025715749208131e+03
     6.873365609323672e+03
     6.530782545061879e+03
     6.512889790178657e+03
     6.639183656498622e+03
     6.114424209320366e+03
     5.674314809341427e+03
     5.967457914791186e+03
     7.241099273969397e+03
     7.149994197427118e+03
     6.533839255962488e+03
     5.802479059786340e+03
     5.038102687236260e+03
     4.180548892660326e+03
     3.178265455988965e+03
     2.183232184877614e+03
     6.619526306878577e+02
     2.059029926505847e+02
     7.384798306691253e+01
     2.959227385481046e-01
     1.798775584035108e-01
     5.374042169562541e+02
     4.863695893059360e+02
     2.350728328108089e+02
     1.458540099544903e+03
     2.824032274731557e+03
     3.904284124904117e+03
     4.696574452470704e+03
     5.437978831795787e+03
     5.222686009267253e+03
     6.024206454656853e+03
     6.035207326154909e+03
     6.618646914485503e+03
     6.680008412087517e+03
     6.329435005855070e+03
     6.981015527562938e+03
     7.348161531556532e+03
     7.051938113689020e+03
     6.773931390821976e+03
     7.284705400126289e+03
     6.375235201684858e+03
     5.859288224120720e+03
     6.297507855458502e+03
     7.513287933735668e+03
     6.483115026637854e+03
     5.488229395907013e+03
     5.061900914589377e+03
     4.574148721297081e+03
     3.878198903230532e+03
     3.100573397157353e+03
     2.322484589085488e+03
     1.307941787570370e+03
     1.399349422743552e+02
     3.528495575656636e+02
     3.282132973412111e-01
     9.890325356138173e+01
     7.233991464488250e+02
     2.791746913273368e+02
     4.491702183342863e+02
     1.571044813830071e+03
     2.741766394437428e+03
     3.704221342425027e+03
     4.487448289339959e+03
     4.662688527135944e+03
     4.574348060990535e+03
     5.893044000972874e+03
     5.523654138228829e+03
     6.439347990955756e+03
     6.923794457749161e+03
     6.935943424802282e+03
     7.707086415731102e+03
     7.757316768006023e+03
     7.625444032121168e+03
     7.166722934986341e+03
     7.928339724479236e+03
     6.965958097160307e+03
     6.446421474451308e+03
     6.388581720275894e+03
     6.883799383512492e+03
     6.086892108899739e+03
     4.749089701554785e+03
     4.354655833432864e+03
     4.191227923222813e+03
     3.668943820625944e+03
     3.045242605854279e+03
     2.321742272265930e+03
     1.535626982738607e+03
     3.815805228186775e+02
     2.039134595076508e+02
     8.211087393689100e+01
     2.962282085191825e+02
     6.719320310626479e+02
     1.281878373069389e+02
     6.172142124918480e+02
     1.627183366455852e+03
     2.603017315067747e+03
     3.651105896065599e+03
     4.222471183469521e+03
     3.823732511183005e+03
     4.717891859641219e+03
     5.880497127231141e+03
     5.414825408439909e+03
     5.867296160269610e+03
     6.686065997679613e+03
     7.657006185554639e+03
     8.330645510824512e+03
     8.376354545988555e+03
     8.245682691621245e+03
     7.679408258735730e+03
     8.210678149238398e+03
     7.505018793530117e+03
     6.238074779187034e+03
     6.140893497800470e+03
     6.626255236494530e+03
     5.888621449144434e+03
     4.445640024321868e+03
     3.511520634003001e+03
     3.882915325835022e+03
     3.505173533801502e+03
     3.011052420882205e+03
     2.349651616726325e+03
     1.612978219046376e+03
     7.575817433272078e+02
     1.720516623285051e+02
     2.454900956395893e+02
     3.935048262492063e+02
     5.991001558323434e+02
     1.107359635050210e+02
     6.895420698966756e+02
     1.709321971635204e+03
     2.487327017408058e+03
     3.542158966186181e+03
     3.701955775947799e+03
     3.644586513994704e+03
     4.839623547940117e+03
     5.951342107367715e+03
     5.384331778594438e+03
     5.567378361074488e+03
     6.363959873929488e+03
     7.693653491623523e+03
     8.654653508198009e+03
     9.091097286314545e+03
     9.009338753463215e+03
     8.358398371352083e+03
     8.108036753248615e+03
     7.450762150618377e+03
     6.021791510022301e+03
     6.083120775551745e+03
     6.557686936749719e+03
     5.919559082939409e+03
     4.707617968012351e+03
     2.574214568698011e+03
     3.512754362710696e+03
     3.413643106218895e+03
     2.996673286229995e+03
     2.403089225626723e+03
     1.673947220436817e+03
     9.313652769756709e+02
     1.992990663875205e+02
     3.027128535346803e+02
     4.115202266224754e+02
     5.791933796094623e+02
     1.079282754061124e+02
     7.187638389992527e+02
     1.804015822527715e+03
     2.533622409185482e+03
     3.295557426148822e+03
